4294967278,223
47,269
47,268
47,267
47,1
47,266
47,2
47,0
4294967278,220
26,18
26,7
26,9
26,12
26,13
26,4
4294967278,218
4294967278,216
4294967278,215
4294967278,365
27,2
4294967278,212
4294967278,211
4294967279,413
4294967278,210
4294967278,364
4294967278,208
4294967278,350
4294967294,5
4294967278,321
4294967278,320
4294967278,319
4294967294,61
4294967278,377
4294967294,497
4294967294,11
4294967278,202
46,5
4294967278,380
27,4
4294967279,260
4294967279,0
4294967278,347
4294967279,172
4294967278,292
4294967278,0
46,3
4294967279,199
4294967278,346
4294967278,196
4294967294,988
4294967294,1019
4294967278,195
4294967278,317
4294967278,194
4294967278,193
4294967279,194
4294967278,189
4294967278,192
52,6
4294967279,193
52,5
4294967278,191
52,4
52,3
52,2
52,1
4294967278,343
4294967278,314
4294967279,191
4294967294,81
4294967278,341
4294967279,316
4294967278,186
4294967278,313
4294967278,185
4294967294,413
4294967294,1038
4294967294,1032
4294967278,184
4294967278,382
4294967279,185
4294967278,183
4294967279,183
4294967294,7
4294967278,181
4294967278,180
4294967278,179
4294967294,491
4294967278,178
4294967294,6
4294967294,178
4294967294,421
4294967294,385
4294967294,384
4294967294,453
4294967279,439
50,4
4294967279,173
4294967279,412
4294967279,168
4294967279,167
4294967279,402
4294967294,96
4294967294,94
4294967279,158
49,2
49,1
4294967294,8
0,7
27,3
4294967294,478
4294967294,9
4294967294,1420
4294967294,972
4294967294,186
4294967294,0
4294967294,90
4294967294,87
4294967294,84
4294967294,1021
4294967294,1018
4294967294,150
4294967294,28
4294967294,27
4294967294,53
4294967294,440
4294967294,114
4294967294,2
4294967294,1421
4294967294,38
26,11
26,20
26,21
26,6
26,19
35,4
46,4
47,4
33,4
33,5
3,4
47,5
47,86
47,85
47,84
47,83
47,82
47,81
47,80
47,79
47,78
47,77
47,75
47,76
47,74
47,73
47,72
47,71
47,70
47,69
47,68
47,67
47,66
47,65
47,64
47,36
47,37
47,35
47,34
47,33
47,32
47,31
47,30
47,29
47,28
47,27
47,26
47,22
47,21
47,20
47,19
47,18
47,16
47,17
47,15
47,14
47,13
47,12
47,11
47,10
47,9
47,8
47,7
47,6
4294967279,146
3,5
4294967294,93
4294967294,95
4294967294,1
4294967294,46
4294967294,115
4294967294,387
4294967294,165
4294967294,168
4294967294,167
4294967294,162
4294967294,166
4294967294,24
4294967294,183
4294967294,1418
4294967294,451
4294967294,151
4294967294,50
4294967294,40
4294967294,43
4294967294,1422
4294967294,25
4294967294,12
4294967294,506
4294967294,68
4294967279,299
4294967279,144
27,5
4294967278,132
4294967278,131
4294967278,130
4294967278,129
4294967278,128
4294967278,127
4294967278,126
4294967278,125
4294967278,124
4294967278,123
4294967278,122
4294967278,121
4294967278,120
4294967278,119
4294967278,118
4294967278,117
4294967278,116
4294967278,115
4294967278,114
4294967278,113
4294967278,112
4294967278,111
4294967278,110
4294967278,109
4294967278,108
4294967278,107
4294967278,106
4294967278,105
4294967278,104
4294967278,103
4294967278,102
4294967278,101
4294967278,100
4294967278,99
4294967278,98
4294967278,97
4294967278,96
4294967278,95
4294967278,94
4294967278,93
4294967278,92
4294967278,91
4294967278,90
4294967278,89
4294967278,87
4294967278,86
4294967278,85
4294967278,84
4294967278,83
4294967278,82
4294967278,81
4294967278,80
4294967278,79
4294967278,78
4294967278,77
4294967278,76
4294967278,75
4294967278,74
4294967278,73
4294967278,72
4294967278,71
4294967278,70
4294967278,69
4294967278,68
4294967278,67
4294967278,66
4294967278,65
4294967278,64
4294967278,63
4294967278,62
4294967278,61
4294967279,84
4294967279,83
4294967279,82
4294967279,78
4294967279,75
4294967279,73
4294967279,69
4294967279,67
4294967279,66
4294967279,64
4294967279,62
4294967279,58
4294967279,56
4294967279,55
4294967279,52
4294967279,48
4294967279,43
4294967279,41
4294967279,40
4294967279,35
4294967279,31
4294967279,454
4294967279,283
4294967279,28
4294967279,298
4294967279,26
4294967279,278
4294967279,24
4294967279,19
4294967279,16
4294967279,294
4294967279,15
4294967279,452
4294967279,14
4294967279,268
4294967279,13
4294967279,11
4294967279,8
4294967279,7
4294967279,6
4294967279,5
4294967279,4
26,14
26,22
26,16
26,8
26,15
26,10
26,5
0,5
4294967294,22
4294967294,17
4294967294,67
4294967294,51
4294967294,26
4294967294,1035
4294967294,477
48,5
48,4
48,3
48,2
48,1
4294967294,476
4294967294,475
4294967294,989
47,265
47,264
4294967294,471
4294967278,283
4294967293,131
4294967293,130
4294967293,129
4294967293,128
4294967293,127
4294967293,126
4294967293,125
4294967293,124
4294967293,123
4294967293,122
4294967293,121
4294967293,120
4294967293,119
4294967293,118
4294967293,117
4294967293,116
4294967293,115
4294967293,114
4294967293,113
4294967293,112
4294967293,111
4294967293,110
